 11 58 10
 25 72 10
150 71 17
 43 57 12
  0 60  9
198 69 20
 42 73 11
224 69 22
  0 60  9
 26 57 11
 77 74 13
209 66 21
184 71 19
226 61 23
169 73 18
196 67 20
 43 57 12
225 70 22
  0 60  9
 25 72 10
  9 69  9
 26 57 11
225 70 22
  0 60  9
  1 61  9
186 73 19
 77 74 13
154 57 18
225 70 22
  1 61  9
 10 70  9
 77 74 13
 11 58 10
154 57 18
  1 61  9
 59 56 13
 77 74 13
182 69 19
201 72 20
226 61 23
 77 74 13
  0 60  9
  8 68  9
178 65 19
 10 70  9
  3 63  9
 42 73 11
  0 60  9
  0 60  9
 26 57 11
 42 73 11
 10 70  9
201 72 20
222 67 22
225 70 22
  0 60  9
 59 56 13
229 64 23
214 71 21
 42 73 11
 59 56 13
 42 73 11
200 71 20
168 72 18
201 72 20
193 64 20
169 73 18
  3 63  9
  3 63  9
229 64 23
192 63 20
186 73 19
215 60 22
213 70 21
209 66 21
 59 56 13
186 73 19
  3 63  9
 59 56 13
 77 74 13
186 73 19
214 71 21
195 66 20
 34 65 11
186 73 19
 43 57 12
 58 73 12
 10 70  9
186 73 19
 26 57 11
 10 70  9
 42 73 11
186 73 19
 10 70  9
159 62 18
136 57 17
 10 70  9
135 56 17
173 60 19
186 73 19
214 71 21
182 69 19
 10 70  9
  2 62  9
214 71 21
  3 63  9
153 74 17
 43 57 12
153 74 17
227 62 23
201 72 20
 43 57 12
 11 58 10
  7 67  9
153 74 17
  2 62  9
211 68 21
186 73 19
158 61 18
 24 71 10
 11 58 10
211 68 21
  6 66  9
 15 62 10
186 73 19
 25 72 10
211 68 21
136 57 17
 43 57 12
228 63 23
 78 56 14
 10 70  9
208 65 21
  0 60  9
230 65 23
 77 74 13
186 73 19
  8 68  9
 71 68 13
 43 57 12
  0 60  9
151 72 17
170 57 19
213 70 21
201 72 20
 76 73 13
  9 69  9
 72 69 13
 43 57 12
180 67 19
153 74 17
201 72 20
 12 59 10
180 67 19
198 69 20
 73 70 13
228 63 23
  3 63  9
 32 63 11
202 59 21
 26 57 11
186 73 19
 96 74 14
 41 72 11
221 66 22
135 56 17
 73 70 13
 69 66 13
 26 57 11
  1 61  9
202 59 21
166 70 18
153 74 17
 11 58 10
201 72 20
135 56 17
 11 58 10
 58 73 12
 23 70 10
 35 66 11
153 74 17
228 63 23
151 72 17
135 56 17
 11 58 10
 42 73 11
200 71 20
231 66 23
153 74 17
231 66 23
208 65 21
200 71 20
169 73 18
 25 72 10
226 61 23
230 65 23
 26 57 11
 59 56 13
134 74 16
 12 59 10
  2 62  9
 42 73 11
 35 66 11
 54 69 12
214 71 21
215 60 22
  3 63  9
196 67 20
  4 64  9
214 71 21
196 67 20
215 60 22
214 71 21
 60 57 13
107 66 15
 38 69 11
231 66 23
214 71 21
 76 73 13
 40 71 11
215 60 22
 41 72 11
169 73 18
 76 73 13
  5 65  9
150 71 17
215 60 22
192 63 20
153 74 17
  6 66  9
193 64 20
 65 62 13
214 71 21
 92 70 14
153 74 17
207 64 21
 42 73 11
214 71 21
 11 58 10
233 68 23
153 74 17
208 65 21
  6 66  9
174 61 19
134 74 16
 41 72 11
184 71 19
214 71 21
184 71 19
 77 74 13
 25 72 10
 81 59 14
186 73 19
 25 72 10
207 64 21
  6 66  9
 25 72 10
118 58 16
224 69 22
168 72 18
153 74 17
 77 74 13
  0 60  9
231 66 23
216 61 22
169 73 18
 25 72 10
207 64 21
153 74 17
 73 70 13
154 57 18
  0 60  9
204 61 21
192 63 20
 77 74 13
113 72 15
228 63 23
 22 69 10
231 66 23
116 56 16
233 68 23
 42 73 11
131 71 16
123 63 16
 26 57 11
230 65 23
177 64 19
201 72 20
  4 64  9
183 70 19
111 70 15
229 64 23
 78 56 14
200 71 20
  9 69  9
  4 64  9
202 59 21
231 66 23
184 71 19
  0 60  9
 58 73 12
184 71 19
  6 66  9
  0 60  9
228 63 23
186 73 19
 96 74 14
199 70 20
  6 66  9
206 63 21
 46 61 12
  1 61  9
214 71 21
 11 58 10
  6 66  9
 25 72 10
214 71 21
226 61 23
 11 58 10
186 73 19
 42 73 11
 77 74 13
214 71 21
  6 66  9
 11 58 10
214 71 21
186 73 19
234 69 23
 11 58 10
215 60 22
 59 56 13
186 73 19
 10 70  9
214 71 21
 11 58 10
 59 56 13
  1 61  9
234 69 23
 11 58 10
 77 74 13
  5 65  9
196 67 20
  2 62  9
219 64 22
215 60 22
 43 57 12
 90 68 14
  0 60  9
 43 57 12
186 73 19
180 67 19
220 65 22
 96 74 14
186 73 19
  0 60  9
183 70 19
 10 70  9
231 66 23
  0 60  9
208 65 21
229 64 23
199 70 20
191 62 20
 71 68 13
 26 57 11
215 60 22
195 66 20
166 70 18
 77 74 13
215 60 22
  0 60  9
 26 57 11
214 71 21
 77 74 13
183 70 19
234 69 23
186 73 19
183 70 19
202 59 21
 25 72 10
 10 70  9
228 63 23
192 63 20
223 68 22
  0 60  9
 26 57 11
214 71 21
196 67 20
215 60 22
 26 57 11
208 65 21
  5 65  9
214 71 21
 26 57 11
208 65 21
186 73 19
  9 69  9
196 67 20
 43 57 12
  5 65  9
234 69 23
 10 70  9
 43 57 12
196 67 20
215 60 22
 10 70  9
201 72 20
  0 60  9
231 66 23
  6 66  9
196 67 20
201 72 20
  0 60  9
 96 74 14
152 73 17
  6 66  9
231 66 23
196 67 20
201 72 20
169 73 18
  0 60  9
226 61 23
 76 73 13
 81 59 14
 59 56 13
201 72 20
208 65 21
 51 66 12
 11 58 10
 25 72 10
212 69 21
 78 56 14
217 62 22
215 60 22
182 69 19
 11 58 10
 11 58 10
 35 66 11
  4 64  9
212 69 21
225 70 22
196 67 20
109 68 15
 98 57 15
168 72 18
  9 69  9
215 60 22
 58 73 12
 59 56 13
212 69 21
 99 58 15
  3 63  9
183 70 19
212 69 21
 54 69 12
 66 63 13
 26 57 11
208 65 21
 94 72 14
 12 59 10
 26 57 11
208 65 21
228 63 23
 10 70  9
 11 58 10
208 65 21
 67 64 13
198 69 20
208 65 21
169 73 18
202 59 21
 11 58 10
 10 70  9
208 65 21
198 69 20
115 74 15
 11 58 10
 33 64 11
 10 70  9
158 61 18
163 67 18
 11 58 10
135 56 17
  1 61  9
186 73 19
227 62 23
  8 68  9
  4 64  9
163 67 18
177 64 19
213 70 21
 51 66 12
  2 62  9
 51 66 12
 11 58 10
204 61 21
234 69 23
226 61 23
  8 68  9
200 71 20
226 61 23
  1 61  9
234 69 23
211 68 21
 77 74 13
 10 70  9
226 61 23
192 63 20
 77 74 13
185 72 19
  9 69  9
187 58 20
186 73 19
226 61 23
  8 68  9
202 59 21
186 73 19
214 71 21
  1 61  9
 26 57 11
  9 69  9
174 61 19
188 59 20
195 66 20
 26 57 11
199 70 20
  0 60  9
190 61 20
 26 57 11
195 66 20
 10 70  9
151 72 17
232 67 23
197 68 20
 11 58 10
209 66 21
 11 58 10
210 67 21
215 60 22
  2 62  9
 11 58 10
211 68 21
 35 66 11
209 66 21
197 68 20
 43 57 12
201 72 20
167 71 18
232 67 23
211 68 21
215 60 22
168 72 18
  5 65  9
  9 69  9
197 68 20
 43 57 12
 43 57 12
234 69 23
169 73 18
 56 71 12
 42 73 11
210 67 21
180 67 19
170 57 19
  0 60  9
 74 71 13
169 73 18
180 67 19
 42 73 11
  0 60  9
189 60 20
169 73 18
 11 58 10
 42 73 11
  4 64  9
169 73 18
 11 58 10
 42 73 11
  9 69  9
  5 65  9
 11 58 10
196 67 20
222 67 22
 10 70  9
135 56 17
153 74 17
194 65 20
  5 65  9
214 71 21
228 63 23
208 65 21
210 67 21
 11 58 10
 14 61 10
181 68 19
189 60 20
186 73 19
180 67 19
  0 60  9
 15 62 10
186 73 19
 77 74 13
180 67 19
138 59 17
214 71 21
226 61 23
169 73 18
  0 60  9
226 61 23
213 70 21
169 73 18
184 71 19
226 61 23
  0 60  9
180 67 19
 39 70 11
225 70 22
228 63 23
 24 71 10
184 71 19
 25 72 10
  0 60  9
225 70 22
219 64 22
 25 72 10
184 71 19
 11 58 10
213 70 21
226 61 23
 25 72 10
181 68 19
190 61 20
226 61 23
 26 57 11
197 68 20
232 67 23
 42 73 11
167 71 18
225 70 22
199 70 20
 10 70  9
168 72 18
 42 73 11
  6 66  9
225 70 22
185 72 19
199 70 20
  4 64  9
227 62 23
 58 73 12
207 64 21
215 60 22
225 70 22
199 70 20
 78 56 14
 11 58 10
 26 57 11
207 64 21
 39 70 11
186 73 19
 26 57 11
  0 60  9
 77 74 13
222 67 22
186 73 19
 42 73 11
207 64 21
214 71 21
 25 72 10
 11 58 10
226 61 23
186 73 19
186 73 19
 11 58 10
214 71 21
 25 72 10
186 73 19
 11 58 10
 15 62 10
207 64 21
169 73 18
214 71 21
 52 67 12
 11 58 10
169 73 18
 26 57 11
229 64 23
226 61 23
153 74 17
 96 74 14
 11 58 10
229 64 23
153 74 17
 11 58 10
231 66 23
 14 61 10
 11 58 10
224 69 22
 15 62 10
153 74 17
 11 58 10
187 58 20
227 62 23
 42 73 11
 26 57 11
  0 60  9
169 73 18
200 71 20
187 58 20
208 65 21
 11 58 10
 22 69 10
169 73 18
  1 61  9
197 68 20
 70 67 13
 25 72 10
229 64 23
184 71 19
169 73 18
231 66 23
202 59 21
 87 65 14
168 72 18
168 72 18
  0 60  9
 72 69 13
197 68 20
154 57 18
 10 70  9
 78 56 14
 88 66 14
202 59 21
168 72 18
 78 56 14
  2 62  9
153 74 17
187 58 20
 11 58 10
  3 63  9
153 74 17
185 72 19
226 61 23
 74 71 13
 42 73 11
185 72 19
219 64 22
117 57 16
231 66 23
214 71 21
  7 67  9
210 67 21
 43 57 12
229 64 23
171 58 19
 16 63 10
232 67 23
169 73 18
 16 63 10
 75 72 13
 97 56 15
169 73 18
 11 58 10
233 68 23
 11 58 10
233 68 23
153 74 17
  6 66  9
214 71 21
232 67 23
186 73 19
 26 57 11
 96 74 14
 26 57 11
  9 69  9
 84 62 14
 77 74 13
214 71 21
 10 70  9
217 62 22
 77 74 13
  0 60  9
  6 66  9
170 57 19
 77 74 13
  6 66  9
 25 72 10
 26 57 11
214 71 21
 12 59 10
156 59 18
 52 67 12
 59 56 13
 11 58 10
 98 57 15
 40 71 11
227 62 23
201 72 20
 42 73 11
 11 58 10
201 72 20
 26 57 11
  6 66  9
203 60 21
  0 60  9
201 72 20
 26 57 11
 10 70  9
  0 60  9
 10 70  9
201 72 20
229 64 23
  0 60  9
 43 57 12
227 62 23
199 70 20
  0 60  9
 10 70  9
 11 58 10
199 70 20
  0 60  9
225 70 22
 10 70  9
196 67 20
 77 74 13
234 69 23
 11 58 10
  0 60  9
 42 73 11
  6 66  9
199 70 20
220 65 22
 42 73 11
228 63 23
183 70 19
201 72 20
228 63 23
213 70 21
  5 65  9
191 62 20
201 72 20
191 62 20
226 61 23
 90 68 14
201 72 20
  1 61  9
 42 73 11
  6 66  9
 25 72 10
196 67 20
229 64 23
223 68 22
 25 72 10
230 65 23
212 69 21
  8 68  9
201 72 20
 42 73 11
183 70 19
210 67 21
 26 57 11
212 69 21
 61 58 13
  6 66  9
186 73 19
 97 56 15
212 69 21
183 70 19
116 56 16
186 73 19
 77 74 13
192 63 20
233 68 23
 26 57 11
116 56 16
 58 73 12
 10 70  9
186 73 19
205 62 21
 11 58 10
186 73 19
214 71 21
 11 58 10
224 69 22
 11 58 10
186 73 19
  0 60  9
214 71 21
 11 58 10
186 73 19
 99 58 15
  5 65  9
 11 58 10
186 73 19
 93 71 14
 18 65 10
 26 57 11
154 57 18
225 70 22
 96 74 14
202 59 21
154 57 18
186 73 19
205 62 21
 88 66 14
 26 57 11
  6 66  9
214 71 21
215 60 22
207 64 21
201 72 20
  6 66  9
228 63 23
 11 58 10
214 71 21
 38 69 11
186 73 19
 11 58 10
190 61 20
 77 74 13
 96 74 14
 97 56 15
201 72 20
 11 58 10
 10 70  9
190 61 20
 75 72 13
  0 60  9
201 72 20
 59 56 13
135 56 17
 10 70  9
228 63 23
190 61 20
 26 57 11
225 70 22
 42 73 11
 11 58 10
190 61 20
206 63 21
112 71 15
 11 58 10
 42 73 11
205 62 21
173 60 19
 42 73 11
112 71 15
205 62 21
190 61 20
 77 74 13
219 64 22
193 64 20
177 64 19
 77 74 13
  7 67  9
210 67 21
 43 57 12
193 64 20
 37 68 11
205 62 21
190 61 20
  0 60  9
231 66 23
 10 70  9
190 61 20
231 66 23
 42 73 11
100 59 15
189 60 20
 11 58 10
  0 60  9
135 56 17
 11 58 10
135 56 17
217 62 22
193 64 20
201 72 20
 25 72 10
193 64 20
 57 72 12
201 72 20
221 66 22
190 61 20
 25 72 10
186 73 19
192 63 20
 93 71 14
221 66 22
214 71 21
105 64 15
192 63 20
  0 60  9
 25 72 10
216 61 22
 63 60 13
208 65 21
 77 74 13
234 69 23
216 61 22
208 65 21
217 62 22
 59 56 13
  7 67  9
 25 72 10
186 73 19
 96 74 14
195 66 20
  0 60  9
206 63 21
 30 61 11
 59 56 13
105 64 15
  8 68  9
204 61 21
 96 74 14
131 71 16
 26 57 11
186 73 19
  9 69  9
  2 62  9
 11 58 10
214 71 21
208 65 21
229 64 23
 11 58 10
214 71 21
229 64 23
 97 56 15
 10 70  9
 11 58 10
229 64 23
154 57 18
 10 70  9
201 72 20
208 65 21
  0 60  9
  0 60  9
201 72 20
 78 56 14
208 65 21
232 67 23
214 71 21
203 60 21
  0 60  9
232 67 23
220 65 22
 59 56 13
234 69 23
186 73 19
214 71 21
153 74 17
219 64 22
 10 70  9
135 56 17
 42 73 11
 82 60 14
135 56 17
 10 70  9
203 60 21
163 67 18
201 72 20
 59 56 13
 10 70  9
 12 59 10
201 72 20
 98 57 15
  2 62  9
 59 56 13
201 72 20
198 69 20
228 63 23
162 66 18
228 63 23
211 68 21
201 72 20
191 62 20
211 68 21
 58 73 12
227 62 23
191 62 20
 42 73 11
201 72 20
217 62 22
212 69 21
 42 73 11
183 70 19
205 62 21
201 72 20
230 65 23
  0 60  9
201 72 20
218 63 22
 77 74 13
201 72 20
211 68 21
183 70 19
 77 74 13
  1 61  9
211 68 21
207 64 21
214 71 21
169 73 18
 77 74 13
180 67 19
192 63 20
214 71 21
141 62 17
 69 66 13
192 63 20
208 65 21
200 71 20
 26 57 11
214 71 21
 59 56 13
  4 64  9
186 73 19
195 66 20
193 64 20
218 63 22
183 70 19
214 71 21
  5 65  9
193 64 20
233 68 23
116 56 16
169 73 18
 58 73 12
  6 66  9
 43 57 12
116 56 16
  0 60  9
234 69 23
 95 73 14
200 71 20
196 67 20
  5 65  9
 96 74 14
187 58 20
  6 66  9
173 60 19
234 69 23
  0 60  9
220 65 22
177 64 19
201 72 20
228 63 23
225 70 22
168 72 18
221 66 22
201 72 20
 13 60 10
218 63 22
192 63 20
217 62 22
142 63 17
 45 59 12
177 64 19
 96 74 14
  7 67  9
221 66 22
229 64 23
215 60 22
 46 61 12
106 65 15
234 69 23
  0 60  9
137 58 17
 46 61 12
226 61 23
225 70 22
  1 61  9
218 63 22
 58 73 12
202 59 21
  3 63  9
135 56 17
  9 69  9
 11 58 10
197 68 20
225 70 22
202 59 21
  9 69  9
231 66 23
 11 58 10
 11 58 10
173 60 19
202 59 21
217 62 22
  0 60  9
116 56 16
191 62 20
 10 70  9
194 65 20
192 63 20
  0 60  9
228 63 23
226 61 23
 10 70  9
234 69 23
192 63 20
187 58 20
 10 70  9
 26 57 11
138 59 17
187 58 20
  0 60  9
228 63 23
170 57 19
 26 57 11
170 57 19
 10 70  9
175 62 19
 26 57 11
226 61 23
170 57 19
209 66 21
 26 57 11
201 72 20
  7 67  9
217 62 22
201 72 20
227 62 23
174 61 19
 11 58 10
201 72 20
227 62 23
213 70 21
156 59 18
170 57 19
201 72 20
216 61 22
  0 60  9
160 63 18
232 67 23
  0 60  9
173 60 19
174 61 19
  0 60  9
186 73 19
171 58 19
160 63 18
  0 60  9
115 74 15
208 65 21
234 69 23
115 74 15
  7 67  9
 42 73 11
224 69 22
 97 56 15
173 60 19
  3 63  9
230 65 23
 10 70  9
225 70 22
  1 61  9
 10 70  9
229 64 23
  7 67  9
158 61 18
 10 70  9
230 65 23
 81 59 14
232 67 23
233 68 23
230 65 23
 63 60 13
 10 70  9
169 73 18
 42 73 11
115 74 15
 43 57 12
211 68 21
 64 61 13
234 69 23
229 64 23
233 68 23
186 73 19
 93 71 14
 64 61 13
233 68 23
 26 57 11
230 65 23
116 56 16
 78 56 14
 94 72 14
233 68 23
230 65 23
  0 60  9
229 64 23
234 69 23
 95 73 14
134 74 16
 26 57 11
 59 56 13
217 62 22
 59 56 13
  8 68  9
120 60 16
 41 72 11
227 62 23
 42 73 11
177 64 19
 11 58 10
 10 70  9
219 64 22
226 61 23
122 62 16
226 61 23
188 59 20
 11 58 10
  9 69  9
227 62 23
234 69 23
201 72 20
231 66 23
  0 60  9
228 63 23
188 59 20
195 66 20
  0 60  9
131 71 16
221 66 22
 41 72 11
212 69 21
187 58 20
221 66 22
193 64 20
229 64 23
104 63 15
232 67 23
192 63 20
234 69 23
231 66 23
 10 70  9
 11 58 10
186 73 19
187 58 20
234 69 23
 11 58 10
186 73 19
 11 58 10
200 71 20
234 69 23
 76 73 13
231 66 23
192 63 20
 11 58 10
 77 74 13
 11 58 10
232 67 23
200 71 20
232 67 23
 11 58 10
191 62 20
200 71 20
183 70 19
144 65 17
194 65 20
 75 72 13
 11 58 10
 96 74 14
 67 64 13
174 61 19
214 71 21
186 73 19
191 62 20
195 66 20
 25 72 10
174 61 19
195 66 20
 26 57 11
 25 72 10
195 66 20
212 69 21
191 62 20
227 62 23
 11 58 10
 58 73 12
187 58 20
225 70 22
 11 58 10
227 62 23
112 71 15
227 62 23
202 59 21
  9 69  9
191 62 20
227 62 23
234 69 23
 11 58 10
214 71 21
227 62 23
201 72 20
  0 60  9
  5 65  9
118 58 16
215 60 22
  0 60  9
231 66 23
215 60 22
 10 70  9
174 61 19
231 66 23
215 60 22
 10 70  9
227 62 23
  4 64  9
 10 70  9
215 60 22
  3 63  9
201 72 20
231 66 23
201 72 20
 10 70  9
226 61 23
226 61 23
174 61 19
234 69 23
 12 59 10
226 61 23
202 59 21
234 69 23
214 71 21
202 59 21
214 71 21
174 61 19
154 57 18
226 61 23
188 59 20
193 64 20
151 72 17
 25 72 10
228 63 23
  0 60  9
220 65 22
 25 72 10
 11 58 10
189 60 20
 43 57 12
226 61 23
 26 57 11
203 60 21
124 64 16
228 63 23
189 60 20
220 65 22
124 64 16
 26 57 11
  7 67  9
203 60 21
124 64 16
 26 57 11
190 61 20
 58 73 12
 78 56 14
 11 58 10
201 72 20
 59 56 13
  9 69  9
232 67 23
202 59 21
 10 70  9
190 61 20
 10 70  9
214 71 21
232 67 23
  2 62  9
188 59 20
 59 56 13
214 71 21
 77 74 13
234 69 23
187 58 20
216 61 22
189 60 20
 23 70 10
191 62 20
180 67 19
  8 68  9
 10 70  9
  5 65  9
  0 60  9
189 60 20
134 74 16
202 59 21
228 63 23
214 71 21
228 63 23
156 59 18
214 71 21
205 62 21
228 63 23
  8 68  9
232 67 23
204 61 21
 10 70  9
232 67 23
214 71 21
154 57 18
202 59 21
190 61 20
  6 66  9
 57 72 12
 77 74 13
202 59 21
194 65 20
183 70 19
202 59 21
 77 74 13
183 70 19
224 69 22
 11 58 10
193 64 20
 10 70  9
170 57 19
 10 70  9
190 61 20
234 69 23
116 56 16
 10 70  9
234 69 23
155 58 18
190 61 20
 42 73 11
171 58 19
216 61 22
 26 57 11
  0 60  9
 25 72 10
230 65 23
207 64 21
 26 57 11
169 73 18
225 70 22
  0 60  9
115 74 15
 75 72 13
  1 61  9
188 59 20
115 74 15
188 59 20
230 65 23
 46 61 12
  0 60  9
119 59 16
177 64 19
 92 70 14
226 61 23
177 64 19
  0 60  9
187 58 20
186 73 19
214 71 21
  0 60  9
162 66 18
186 73 19
162 66 18
226 61 23
 38 69 11
 25 72 10
139 60 17
153 74 17
104 63 15
 25 72 10
202 59 21
197 68 20
 46 61 12
202 59 21
208 65 21
  5 65  9
197 68 20
  6 66  9
215 60 22
 42 73 11
197 68 20
201 72 20
225 70 22
148 69 17
140 61 17
115 74 15
122 62 16
225 70 22
135 56 17
201 72 20
135 56 17
230 65 23
115 74 15
 97 56 15
205 62 21
 11 58 10
201 72 20
 11 58 10
205 62 21
211 68 21
 25 72 10
205 62 21
 10 70  9
215 60 22
211 68 21
 25 72 10
 77 74 13
205 62 21
  0 60  9
  0 60  9
205 62 21
226 61 23
211 68 21
  9 69  9
  0 60  9
190 61 20
225 70 22
  0 60  9
226 61 23
 24 71 10
183 70 19
  0 60  9
215 60 22
183 70 19
  6 66  9
  0 60  9
 10 70  9
201 72 20
204 61 21
  6 66  9
  0 60  9
201 72 20
 59 56 13
201 72 20
 11 58 10
  6 66  9
 10 70  9
200 71 20
 77 74 13
218 63 22
221 66 22
  5 65  9
204 61 21
 10 70  9
 26 57 11
  7 67  9
 26 57 11
201 72 20
  0 60  9
 11 58 10
168 72 18
  8 68  9
222 67 22
226 61 23
204 61 21
 59 56 13
 42 73 11
214 71 21
  0 60  9
  8 68  9
186 73 19
214 71 21
 10 70  9
 84 62 14
  0 60  9
214 71 21
228 63 23
 58 73 12
204 61 21
201 72 20
 10 70  9
134 74 16
227 62 23
201 72 20
226 61 23
 10 70  9
 50 65 12
227 62 23
186 73 19
215 60 22
 10 70  9
215 60 22
225 70 22
117 57 16
 10 70  9
  0 60  9
215 60 22
 77 74 13
234 69 23
214 71 21
202 59 21
  0 60  9
 54 69 12
187 58 20
201 72 20
  0 60  9
153 74 17
135 56 17
201 72 20
153 74 17
  1 61  9
135 56 17
233 68 23
204 61 21
  9 69  9
 42 73 11
201 72 20
233 68 23
 10 70  9
186 73 19
204 61 21
178 65 19
233 68 23
233 68 23
201 72 20
205 62 21
175 62 19
 11 58 10
230 65 23
191 62 20
233 68 23
234 69 23
135 56 17
  0 60  9
175 62 19
234 69 23
 10 70  9
230 65 23
135 56 17
234 69 23
231 66 23
  0 60  9
214 71 21
 11 58 10
234 69 23
102 61 15
  6 66  9
187 58 20
215 60 22
232 67 23
  0 60  9
214 71 21
104 63 15
 90 68 14
  2 62  9
233 68 23
197 68 20
214 71 21
115 74 15
214 71 21
204 61 21
 26 57 11
  0 60  9
 96 74 14
140 61 17
222 67 22
213 70 21
135 56 17
 77 74 13
230 65 23
  3 63  9
202 59 21
 93 71 14
 42 73 11
231 66 23
198 69 20
226 61 23
204 61 21
 94 72 14
187 58 20
 42 73 11
231 66 23
186 73 19
214 71 21
 10 70  9
230 65 23
183 70 19
214 71 21
 77 74 13
177 64 19
234 69 23
187 58 20
 26 57 11
227 62 23
190 61 20
 26 57 11
218 63 22
 11 58 10
183 70 19
 26 57 11
115 74 15
190 61 20
201 72 20
 25 72 10
 26 57 11
186 73 19
215 60 22
190 61 20
  0 60  9
186 73 19
113 72 15
187 58 20
234 69 23
 10 70  9
186 73 19
187 58 20
186 73 19
203 60 21
228 63 23
228 63 23
186 73 19
189 60 20
  9 69  9
214 71 21
 25 72 10
216 61 22
  6 66  9
187 58 20
116 56 16
225 70 22
216 61 22
  3 63  9
 25 72 10
186 73 19
225 70 22
186 73 19
232 67 23
  4 64  9
187 58 20
 25 72 10
 78 56 14
228 63 23
153 74 17
 78 56 14
 25 72 10
192 63 20
187 58 20
226 61 23
192 63 20
 78 56 14
228 63 23
225 70 22
132 72 16
118 58 16
 78 56 14
119 59 16
 77 74 13
230 65 23
132 72 16
232 67 23
116 56 16
132 72 16
 78 56 14
232 67 23
 42 73 11
227 62 23
117 57 16
232 67 23
227 62 23
225 70 22
118 58 16
 11 58 10
232 67 23
104 63 15
207 64 21
226 61 23
 11 58 10
 86 64 14
204 61 21
226 61 23
 42 73 11
 11 58 10
 65 62 13
226 61 23
197 68 20
  8 68  9
 48 63 12
234 69 23
 77 74 13
226 61 23
  0 60  9
226 61 23
234 69 23
  0 60  9
172 59 19
234 69 23
135 56 17
167 71 18
  5 65  9
234 69 23
135 56 17
202 59 21
226 61 23
135 56 17
 10 70  9
186 73 19
 39 70 11
135 56 17
167 71 18
226 61 23
  3 63  9
201 72 20
117 57 16
  8 68  9
183 70 19
202 59 21
 42 73 11
  5 65  9
174 61 19
229 64 23
213 70 21
232 67 23
119 59 16
229 64 23
215 60 22
168 72 18
225 70 22
215 60 22
229 64 23
  8 68  9
185 72 19
229 64 23
232 67 23
200 71 20
123 63 16
229 64 23
226 61 23
116 56 16
108 67 15
229 64 23
170 57 19
 42 73 11
201 72 20
 11 58 10
229 64 23
186 73 19
233 68 23
226 61 23
  0 60  9
186 73 19
170 57 19
  0 60  9
233 68 23
226 61 23
154 57 18
  0 60  9
215 60 22
214 71 21
227 62 23
  0 60  9
215 60 22
155 58 18
 53 68 12
  0 60  9
233 68 23
135 56 17
 25 72 10
  0 60  9
234 69 23
 10 70  9
 11 58 10
  0 60  9
234 69 23
214 71 21
  8 68  9
214 71 21
135 56 17
  0 60  9
153 74 17
 59 56 13
116 56 16
  8 68  9
 29 60 11
  8 68  9
116 56 16
214 71 21
 42 73 11
233 68 23
202 59 21
231 66 23
134 74 16
135 56 17
231 66 23
 48 63 12
  0 60  9
134 74 16
233 68 23
231 66 23
214 71 21
202 59 21
217 62 22
 36 67 11
 11 58 10
202 59 21
  5 65  9
 73 70 13
234 69 23
116 56 16
 59 56 13
154 57 18
232 67 23
  0 60  9
200 71 20
 41 72 11
229 64 23
 59 56 13
  0 60  9
201 72 20
227 62 23
 11 58 10
224 69 22
135 56 17
201 72 20
186 73 19
228 63 23
  2 62  9
 11 58 10
202 59 21
  0 60  9
221 66 22
 59 56 13
  0 60  9
186 73 19
221 66 22
228 63 23
  0 60  9
186 73 19
 78 56 14
  4 64  9
 42 73 11
  0 60  9
  9 69  9
186 73 19
 42 73 11
136 57 17
  1 61  9
228 63 23
211 68 21
  1 61  9
186 73 19
200 71 20
 97 56 15
 42 73 11
228 63 23
  2 62  9
 97 56 15
233 68 23
  2 62  9
 90 68 14
 97 56 15
  1 61  9
 26 57 11
 59 56 13
233 68 23
  1 61  9
201 72 20
215 60 22
  0 60  9
233 68 23
211 68 21
 45 59 12
233 68 23
  1 61  9
215 60 22
229 64 23
233 68 23
214 71 21
 43 57 12
  1 61  9
233 68 23
134 74 16
  0 60  9
214 71 21
 42 73 11
 43 57 12
  0 60  9
218 63 22
226 61 23
232 67 23
218 63 22
 71 68 13
226 61 23
  9 69  9
  5 65  9
230 65 23
230 65 23
 10 70  9
 11 58 10
186 73 19
  0 60  9
 43 57 12
135 56 17
166 70 18
 43 57 12
  0 60  9
185 72 19
101 60 15
 43 57 12
 10 70  9
 83 61 14
198 69 20
 43 57 12
135 56 17
 11 58 10
 78 56 14
135 56 17
 25 72 10
134 74 16
 43 57 12
  0 60  9
220 65 22
182 69 19
103 62 15
 42 73 11
182 69 19
  0 60  9
210 67 21
 42 73 11
226 61 23
182 69 19
186 73 19
215 60 22
165 69 18
 54 69 12
186 73 19
226 61 23
188 59 20
 59 56 13
 77 74 13
 59 56 13
226 61 23
202 59 21
157 60 18
 58 73 12
226 61 23
233 68 23
 59 56 13
186 73 19
199 70 20
 77 74 13
222 67 22
186 73 19
226 61 23
  0 60  9
 92 70 14
227 62 23
135 56 17
 60 57 13
233 68 23
202 59 21
 77 74 13
 83 61 14
136 57 17
 77 74 13
210 67 21
 89 67 14
  3 63  9
 26 57 11
  0 60  9
221 66 22
 64 61 13
201 72 20
  1 61  9
233 68 23
 95 73 14
197 68 20
230 65 23
201 72 20
 10 70  9
228 63 23
  1 61  9
209 66 21
 72 69 13
 77 74 13
209 66 21
 82 60 14
 73 70 13
 11 58 10
 10 70  9
  2 62  9
 57 72 12
215 60 22
201 72 20
219 64 22
217 62 22
229 64 23
 58 73 12
217 62 22
221 66 22
201 72 20
 26 57 11
227 62 23
154 57 18
201 72 20
228 63 23
  1 61  9
 26 57 11
229 64 23
234 69 23
 42 73 11
  2 62  9
 11 58 10
111 70 15
228 63 23
 84 62 14
115 74 15
 11 58 10
 85 63 14
234 69 23
226 61 23
 11 58 10
188 59 20
233 68 23
 11 58 10
226 61 23
234 69 23
  2 62  9
  0 60  9
174 61 19
 11 58 10
234 69 23
  0 60  9
 96 74 14
 10 70  9
234 69 23
  0 60  9
 10 70  9
155 58 18
  4 64  9
 26 57 11
221 66 22
  0 60  9
155 58 18
 27 58 11
 76 73 13
  0 60  9
221 66 22
 78 56 14
  0 60  9
192 63 20
 77 74 13
231 66 23
225 70 22
188 59 20
 79 57 14
 57 72 12
170 57 19
226 61 23
 94 72 14
225 70 22
233 68 23
  0 60  9
 59 56 13
 59 56 13
206 63 21
173 60 19
  5 65  9
 59 56 13
 26 57 11
173 60 19
226 61 23
233 68 23
226 61 23
 25 72 10
 78 56 14
 11 58 10
233 68 23
191 62 20
 59 56 13
215 60 22
233 68 23
 59 56 13
 96 74 14
226 61 23
 11 58 10
 25 72 10
153 74 17
215 60 22
 26 57 11
197 68 20
233 68 23
 11 58 10
215 60 22
201 72 20
 54 69 12
 25 72 10
 11 58 10
216 61 22
 79 57 14
209 66 21
234 69 23
201 72 20
 74 71 13
 25 72 10
184 71 19
228 63 23
 75 72 13
 43 57 12
197 68 20
201 72 20
 77 74 13
228 63 23
 10 70  9
201 72 20
234 69 23
228 63 23
  9 69  9
154 57 18
234 69 23
228 63 23
  0 60  9
221 66 22
201 72 20
228 63 23
 42 73 11
  0 60  9
199 70 20
228 63 23
201 72 20
 42 73 11
138 59 17
228 63 23
 43 57 12
230 65 23
234 69 23
230 65 23
201 72 20
 43 57 12
202 59 21
  1 61  9
231 66 23
201 72 20
 43 57 12
  0 60  9
201 72 20
 25 72 10
234 69 23
  0 60  9
201 72 20
228 63 23
 32 63 11
  0 60  9
201 72 20
 42 73 11
 32 63 11
  0 60  9
234 69 23
 42 73 11
201 72 20
  0 60  9
234 69 23
201 72 20
 32 63 11
234 69 23
186 73 19
230 65 23
 26 57 11
229 64 23
226 61 23
 11 58 10
 58 73 12
 11 58 10
229 64 23
 58 73 12
214 71 21
 11 58 10
228 63 23
232 67 23
195 66 20
228 63 23
 11 58 10
 97 56 15
 14 61 10
231 66 23
 97 56 15
  0 60  9
115 74 15
 11 58 10
230 65 23
  2 62  9
124 64 16
 11 58 10
232 67 23
154 57 18
  3 63  9
231 66 23
234 69 23
228 63 23
 97 56 15
170 57 19
231 66 23
234 69 23
 58 73 12
201 72 20
230 65 23
  0 60  9
233 68 23
201 72 20
 26 57 11
 53 68 12
222 67 22
201 72 20
 26 57 11
226 61 23
 51 66 12
201 72 20
231 66 23
 58 73 12
 61 58 13
186 73 19
 37 68 11
  5 65  9
214 71 21
186 73 19
 11 58 10
 75 72 13
 37 68 11
186 73 19
187 58 20
109 68 15
 54 69 12
202 59 21
  0 60  9
229 64 23
110 69 15
  0 60  9
187 58 20
201 72 20
 73 70 13
226 61 23
 25 72 10
  0 60  9
201 72 20
226 61 23
 43 57 12
 53 68 12
202 59 21
 43 57 12
226 61 23
186 73 19
170 57 19
227 62 23
 43 57 12
186 73 19
234 69 23
227 62 23
  1 61  9
  5 65  9
186 73 19
 42 73 11
227 62 23
220 65 22
203 60 21
215 60 22
214 71 21
 74 71 13
227 62 23
 59 56 13
 26 57 11
116 56 16
221 66 22
226 61 23
233 68 23
 58 73 12
 60 57 13
 42 73 11
 11 58 10
  6 66  9
201 72 20
186 73 19
229 64 23
189 60 20
 12 59 10
227 62 23
 77 74 13
  7 67  9
225 70 22
 11 58 10
231 66 23
201 72 20
227 62 23
 26 57 11
204 61 21
214 71 21
162 66 18
135 56 17
 11 58 10
 98 57 15
 72 69 13
 11 58 10
 73 70 13
 98 57 15
186 73 19
 11 58 10
201 72 20
231 66 23
228 63 23
217 62 22
170 57 19
  2 62  9
135 56 17
228 63 23
  7 67  9
205 62 21
 96 74 14
 78 56 14
  0 60  9
214 71 21
 25 72 10
 42 73 11
  0 60  9
  8 68  9
 87 65 14
 26 57 11
229 64 23
  5 65  9
  1 61  9
187 58 20
  9 69  9
 27 58 11
  5 65  9
 10 70  9
212 69 21
117 57 16
202 59 21
202 59 21
 10 70  9
  0 60  9
183 70 19
186 73 19
 10 70  9
188 59 20
135 56 17
 11 58 10
203 60 21
117 57 16
  2 62  9
201 72 20
202 59 21
 25 72 10
117 57 16
201 72 20
202 59 21
207 64 21
228 63 23
201 72 20
  0 60  9
232 67 23
190 61 20
  0 60  9
202 59 21
221 66 22
218 63 22
202 59 21
154 57 18
231 66 23
  2 62  9
215 60 22
154 57 18
 40 71 11
 21 68 10
218 63 22
 26 57 11
 59 56 13
189 60 20
 88 66 14
  5 65  9
 97 56 15
216 61 22
231 66 23
203 60 21
226 61 23
 26 57 11
  9 69  9
204 61 21
226 61 23
 26 57 11
 10 70  9
231 66 23
215 60 22
110 69 15
215 60 22
231 66 23
225 70 22
204 61 21
231 66 23
159 62 18
 43 57 12
226 61 23
139 60 17
231 66 23
202 59 21
  6 66  9
 59 56 13
231 66 23
215 60 22
 74 71 13
226 61 23
139 60 17
 57 72 12
205 62 21
202 59 21
225 70 22
  5 65  9
135 56 17
215 60 22
201 72 20
 15 62 10
 98 57 15
215 60 22
225 70 22
201 72 20
153 74 17
232 67 23
  0 60  9
 77 74 13
225 70 22
 10 70  9
 26 57 11
234 69 23
230 65 23
 11 58 10
 43 57 12
227 62 23
171 58 19
227 62 23
234 69 23
  5 65  9
 11 58 10
 25 72 10
111 70 15
 57 72 12
 51 66 12
153 74 17
 11 58 10
112 71 15
182 69 19
 25 72 10
213 70 21
116 56 16
 17 64 10
 25 72 10
  5 65  9
213 70 21
 47 62 12
  0 60  9
205 62 21
  5 65  9
227 62 23
226 61 23
233 68 23
153 74 17
 99 58 15
226 61 23
234 69 23
193 64 20
 74 71 13
153 74 17
204 61 21
 10 70  9
214 71 21
115 74 15
214 71 21
233 68 23
173 60 19
226 61 23
  3 63  9
203 60 21
214 71 21
226 61 23
201 72 20
211 68 21
115 74 15
 25 72 10
211 68 21
191 62 20
137 58 17
  3 63  9
229 64 23
 26 57 11
224 69 22
  3 63  9
231 66 23
 59 56 13
224 69 22
232 67 23
 79 57 14
  4 64  9
 25 72 10
 25 72 10
230 65 23
153 74 17
223 68 22
 25 72 10
 97 56 15
 95 73 14
202 59 21
215 60 22
 96 74 14
 25 72 10
199 70 20
115 74 15
210 67 21
 68 65 13
184 71 19
 59 56 13
  4 64  9
 69 66 13
231 66 23
 59 56 13
153 74 17
228 63 23
135 56 17
 59 56 13
  1 61  9
115 74 15
 17 64 10
 59 56 13
200 71 20
 96 74 14
 21 68 10
 97 56 15
234 69 23
228 63 23
  1 61  9
 42 73 11
227 62 23
 63 60 13
234 69 23
 42 73 11
234 69 23
218 63 22
135 56 17
234 69 23
218 63 22
  5 65  9
 97 56 15
234 69 23
  5 65  9
 97 56 15
  2 62  9
234 69 23
 26 57 11
 25 72 10
  6 66  9
153 74 17
 26 57 11
135 56 17
  2 62  9
 26 57 11
  3 63  9
  7 67  9
 97 56 15
  9 69  9
 59 56 13
176 63 19
 36 67 11
 78 56 14
191 62 20
183 70 19
 81 59 14
215 60 22
227 62 23
 78 56 14
192 63 20
215 60 22
214 71 21
  0 60  9
 11 58 10
187 58 20
  0 60  9
116 56 16
 41 72 11
215 60 22
  0 60  9
  4 64  9
 10 70  9
209 66 21
 10 70  9
193 64 20
  4 64  9
210 67 21
  1 61  9
 42 73 11
228 63 23
214 71 21
  3 63  9
217 62 22
183 70 19
226 61 23
  5 65  9
200 71 20
123 63 16
  8 68  9
215 60 22
123 63 16
 50 65 12
  9 69  9
 58 73 12
154 57 18
228 63 23
154 57 18
 26 57 11
 10 70  9
211 68 21
142 63 17
 10 70  9
154 57 18
214 71 21
197 68 20
 97 56 15
231 66 23
  7 67  9
154 57 18
214 71 21
181 68 19
121 61 16
214 71 21
 10 70  9
 70 67 13
231 66 23
214 71 21
 97 56 15
 10 70  9
  4 64  9
214 71 21
 10 70  9
154 57 18
 83 61 14
214 71 21
154 57 18
 25 72 10
123 63 16
214 71 21
215 60 22
123 63 16
154 57 18
101 60 15
122 62 16
186 73 19
214 71 21
 97 56 15
  8 68  9
 26 57 11
151 72 17
 10 70  9
186 73 19
210 67 21
 96 74 14
186 73 19
 26 57 11
188 59 20
215 60 22
186 73 19
215 60 22
 70 67 13
219 64 22
 25 72 10
233 68 23
135 56 17
 60 57 13
136 57 17
 98 57 15
215 60 22
 60 57 13
215 60 22
201 72 20
 25 72 10
 11 58 10
 11 58 10
215 60 22
 25 72 10
116 56 16
 11 58 10
 42 73 11
215 60 22
123 63 16
122 62 16
  0 60  9
 83 61 14
201 72 20
225 70 22
122 62 16
 11 58 10
201 72 20
 81 59 14
225 70 22
 11 58 10
231 66 23
186 73 19
 85 63 14
 82 60 14
  0 60  9
124 64 16
 97 56 15
226 61 23
139 60 17
222 67 22
 97 56 15
226 61 23
115 74 15
186 73 19
  3 63  9
 89 67 14
222 67 22
201 72 20
 97 56 15
222 67 22
104 63 15
135 56 17
226 61 23
 72 69 13
 77 74 13
201 72 20
123 63 16
153 74 17
231 66 23
153 74 17
228 63 23
201 72 20
234 69 23
153 74 17
228 63 23
  2 62  9
 48 63 12
201 72 20
 99 58 15
228 63 23
  2 62  9
 78 56 14
 42 73 11
135 56 17
201 72 20
 78 56 14
135 56 17
 42 73 11
229 64 23
201 72 20
 97 56 15
229 64 23
  3 63  9
234 69 23
 10 70  9
 97 56 15
 83 61 14
 42 73 11
  5 65  9
137 58 17
110 69 15
153 74 17
  5 65  9
103 62 15
 73 70 13
227 62 23
153 74 17
116 56 16
233 68 23
 97 56 15
189 60 20
 86 64 14
227 62 23
135 56 17
 77 74 13
227 62 23
 87 65 14
116 56 16
227 62 23
 84 62 14
 88 66 14
234 69 23
230 65 23
135 56 17
 10 70  9
 42 73 11
234 69 23
 98 57 15
122 62 16
 99 58 15
135 56 17
224 69 22
 10 70  9
127 67 16
 25 72 10
121 61 16
 67 64 13
 42 73 11
145 66 17
 11 58 10
215 60 22
 97 56 15
232 67 23
  0 60  9
 11 58 10
116 56 16
227 62 23
232 67 23
 10 70  9
234 69 23
202 59 21
232 67 23
 97 56 15
234 69 23
101 60 15
189 60 20
 93 71 14
234 69 23
 97 56 15
 93 71 14
145 66 17
234 69 23
189 60 20
  2 62  9
130 70 16
135 56 17
150 71 17
125 65 16
 94 72 14
135 56 17
202 59 21
150 71 17
 76 73 13
135 56 17
203 60 21
 79 57 14
234 69 23
201 72 20
  6 66  9
 78 56 14
135 56 17
186 73 19
  3 63  9
139 60 17
  6 66  9
215 60 22
 58 73 12
  4 64  9
 59 56 13
 59 56 13
186 73 19
226 61 23
 58 73 12
186 73 19
116 56 16
120 60 16
226 61 23
215 60 22
116 56 16
100 59 15
 77 74 13
116 56 16
200 71 20
100 59 15
 26 57 11
  5 65  9
215 60 22
201 72 20
 11 58 10
 25 72 10
  6 66  9
134 74 16
 97 56 15
 25 72 10
  5 65  9
 83 61 14
 98 57 15
135 56 17
134 74 16
 67 64 13
187 58 20
135 56 17
 78 56 14
  7 67  9
 99 58 15
  6 66  9
225 70 22
115 74 15
102 61 15
225 70 22
135 56 17
  7 67  9
 58 73 12
 59 56 13
135 56 17
 70 67 13
200 71 20
 59 56 13
  0 60  9
 71 68 13
201 72 20
 42 73 11
201 72 20
170 57 19
 38 69 11
 25 72 10
 87 65 14
 90 68 14
201 72 20
 99 58 15
 59 56 13
  8 68  9
127 67 16
 99 58 15
121 61 16
136 57 17
  0 60  9
215 60 22
214 71 21
  2 62  9
 42 73 11
 10 70  9
223 68 22
 26 57 11
124 64 16
  0 60  9
 97 56 15
227 62 23
142 63 17
  1 61  9
 10 70  9
100 59 15
227 62 23
  2 62  9
 58 73 12
227 62 23
 99 58 15
 11 58 10
 84 62 14
 63 60 13
 78 56 14
  0 60  9
  4 64  9
 77 74 13
 25 72 10
 84 62 14
145 66 17
  5 65  9
  1 61  9
115 74 15
 25 72 10
 26 57 11
  7 67  9
143 64 17
103 62 15
  2 62  9
114 73 15
115 74 15
 10 70  9
111 70 15
120 60 16
187 58 20
146 67 17
217 62 22
122 62 16
234 69 23
170 57 19
 85 63 14
 11 58 10
 77 74 13
234 69 23
 25 72 10
155 58 18
160 63 18
 86 64 14
 49 64 12
 77 74 13
226 61 23
 76 73 13
209 66 21
  3 63  9
226 61 23
 59 56 13
154 57 18
 76 73 13
226 61 23
 60 57 13
 86 64 14
210 67 21
 60 57 13
231 66 23
 65 62 13
 76 73 13
 64 61 13
 60 57 13
 26 57 11
230 65 23
116 56 16
 58 73 12
 64 61 13
 26 57 11
 64 61 13
  2 62  9
135 56 17
 41 72 11
 64 61 13
228 63 23
 43 57 12
 58 73 12
 64 61 13
169 73 18
 16 63 10
 43 57 12
225 70 22
153 74 17
 43 57 12
  4 64  9
232 67 23
215 60 22
 77 74 13
101 60 15
232 67 23
  0 60  9
 26 57 11
228 63 23
 25 72 10
  1 61  9
110 69 15
 96 74 14
231 66 23
186 73 19
 33 64 11
228 63 23
226 61 23
153 74 17
  0 60  9
 34 65 11
226 61 23
 42 73 11
186 73 19
 79 57 14
226 61 23
230 65 23
 17 64 10
 64 61 13
226 61 23
 63 60 13
 95 73 14
153 74 17
215 60 22
 11 58 10
 80 58 14
 49 64 12
 64 61 13
187 58 20
  4 64  9
221 66 22
187 58 20
 56 71 12
 25 72 10
 49 64 12
187 58 20
 36 67 11
  6 66  9
144 65 17
 10 70  9
187 58 20
144 65 17
213 70 21
 46 61 12
 10 70  9
 49 64 12
230 65 23
202 59 21
 25 72 10
 64 61 13
 71 68 13
135 56 17
225 70 22
 65 62 13
 72 69 13
234 69 23
200 71 20
 25 72 10
  9 69  9
234 69 23
201 72 20
154 57 18
228 63 23
234 69 23
 26 57 11
135 56 17
231 66 23
135 56 17
 26 57 11
228 63 23
 72 69 13
135 56 17
 58 73 12
201 72 20
 84 62 14
202 59 21
135 56 17
201 72 20
 58 73 12
202 59 21
115 74 15
153 74 17
204 61 21
202 59 21
115 74 15
112 71 15
234 69 23
226 61 23
135 56 17
 77 74 13
205 62 21
215 60 22
231 66 23
214 71 21
 77 74 13
215 60 22
  0 60  9
 46 61 12
 86 64 14
 26 57 11
 97 56 15
  0 60  9
 38 69 11
 26 57 11
205 62 21
134 74 16
 38 69 11
 26 57 11
219 64 22
 77 74 13
 38 69 11
 11 58 10
 78 56 14
 96 74 14
 51 66 12
 11 58 10
222 67 22
 74 71 13
 97 56 15
228 63 23
 11 58 10
117 57 16
 51 66 12
134 74 16
 11 58 10
 52 67 12
214 71 21
217 62 22
  0 60  9
102 61 15
  9 69  9
218 63 22
230 65 23
  0 60  9
233 68 23
232 67 23
226 61 23
  0 60  9
206 63 21
233 68 23
 77 74 13
 10 70  9
 86 64 14
234 69 23
  0 60  9
226 61 23
 87 65 14
210 67 21
  1 61  9
 88 66 14
 10 70  9
226 61 23
  2 62  9
234 69 23
169 73 18
226 61 23
 11 58 10
  2 62  9
234 69 23
226 61 23
  2 62  9
214 71 21
153 74 17
226 61 23
214 71 21
100 59 15
  3 63  9
215 60 22
101 60 15
 77 74 13
 11 58 10
215 60 22
 77 74 13
183 70 19
 50 65 12
227 62 23
198 69 20
  7 67  9
215 60 22
 77 74 13
228 63 23
  1 61  9
198 69 20
229 64 23
135 56 17
195 66 20
184 71 19
230 65 23
 10 70  9
234 69 23
  0 60  9
230 65 23
228 63 23
 10 70  9
 89 67 14
 59 56 13
106 65 15
228 63 23
231 66 23
 43 57 12
  1 61  9
221 66 22
 10 70  9
103 62 15
106 65 15
221 66 22
 10 70  9
  9 69  9
  0 60  9
103 62 15
159 62 18
186 73 19
  0 60  9
 10 70  9
 26 57 11
186 73 19
226 61 23
200 71 20
222 67 22
 25 72 10
 26 57 11
 58 73 12
 85 63 14
 26 57 11
226 61 23
 42 73 11
  9 69  9
225 70 22
 27 58 11
 10 70  9
219 64 22
 43 57 12
 28 59 11
 63 60 13
 86 64 14
  0 60  9
213 70 21
 26 57 11
207 64 21
 26 57 11
 11 58 10
213 70 21
133 73 16
 26 57 11
153 74 17
 11 58 10
161 64 18
 26 57 11
  0 60  9
154 57 18
162 66 18
  0 60  9
 25 72 10
 26 57 11
 78 56 14
  0 60  9
135 56 17
 34 65 11
226 61 23
  0 60  9
154 57 18
 10 70  9
226 61 23
  0 60  9
135 56 17
 77 74 13
226 61 23
215 60 22
170 57 19
 77 74 13
189 60 20
153 74 17
  0 60  9
  9 69  9
201 72 20
215 60 22
  0 60  9
  9 69  9
199 70 20
215 60 22
227 62 23
231 66 23
 21 68 10
234 69 23
218 63 22
231 66 23
 21 68 10
234 69 23
230 65 23
135 56 17
 36 67 11
234 69 23
 59 56 13
229 64 23
  4 64  9
 59 56 13
187 58 20
234 69 23
184 71 19
 25 72 10
187 58 20
208 65 21
177 64 19
 25 72 10
  9 69  9
187 58 20
177 64 19
  0 60  9
194 65 20
192 63 20
 86 64 14
 26 57 11
 78 56 14
  0 60  9
234 69 23
 59 56 13
  0 60  9
234 69 23
226 61 23
 59 56 13
170 57 19
 88 66 14
  0 60  9
182 69 19
169 73 18
154 57 18
 78 56 14
153 74 17
 42 73 11
 78 56 14
  0 60  9
  0 60  9
 25 72 10
 78 56 14
134 74 16
 25 72 10
201 72 20
  1 61  9
 70 67 13
 25 72 10
226 61 23
233 68 23
 11 58 10
 97 56 15
 25 72 10
204 61 21
 58 73 12
 97 56 15
 58 73 12
186 73 19
  6 66  9
 26 57 11
  0 60  9
186 73 19
  6 66  9
116 56 16
 11 58 10
 59 56 13
107 66 15
135 56 17
 60 57 13
 77 74 13
  6 66  9
135 56 17
232 67 23
  6 66  9
110 69 15
 11 58 10
  0 60  9
  6 66  9
232 67 23
 26 57 11
186 73 19
232 67 23
 40 71 11
 26 57 11
  7 67  9
186 73 19
 77 74 13
  7 67  9
201 72 20
225 70 22
216 61 22
 97 56 15
 25 72 10
  8 68  9
225 70 22
214 71 21
 96 74 14
  0 60  9
 25 72 10
 97 56 15
214 71 21
 10 70  9
105 64 15
 97 56 15
201 72 20
110 69 15
 55 70 12
 59 56 13
 42 73 11
 11 58 10
111 70 15
215 60 22
 26 57 11
 97 56 15
214 71 21
215 60 22
234 69 23
 26 57 11
 25 72 10
215 60 22
113 72 15
214 71 21
 92 70 14
 26 57 11
230 65 23
215 60 22
 87 65 14
 26 57 11
202 59 21
 93 71 14
229 64 23
 26 57 11
229 64 23
 94 72 14
 58 73 12
229 64 23
 10 70  9
 42 73 11
114 73 15
115 74 15
 26 57 11
226 61 23
173 60 19
115 74 15
 25 72 10
 74 71 13
 51 66 12
 59 56 13
207 64 21
 26 57 11
189 60 20
  3 63  9
 97 56 15
 26 57 11
141 62 17
  3 63  9
227 62 23
 26 57 11
 94 72 14
 26 57 11
  2 62  9
 93 71 14
189 60 20
 26 57 11
116 56 16
 38 69 11
110 69 15
  0 60  9
 77 74 13
 93 71 14
 53 68 12
  0 60  9
 77 74 13
 53 68 12
221 66 22
 97 56 15
202 59 21
210 67 21
 54 69 12
202 59 21
217 62 22
 76 73 13
 23 70 10
 76 73 13
 23 70 10
220 65 22
  0 60  9
 77 74 13
201 72 20
  8 68  9
 29 60 11
 26 57 11
 79 57 14
135 56 17
  9 69  9
135 56 17
 26 57 11
 91 69 14
202 59 21
 97 56 15
 26 57 11
135 56 17
 60 57 13
 97 56 15
213 70 21
 26 57 11
 80 58 14
186 73 19
 25 72 10
 26 57 11
112 71 15
186 73 19
 26 57 11
215 60 22
 25 72 10
 26 57 11
 58 73 12
215 60 22
  6 66  9
 26 57 11
215 60 22
 42 73 11
 63 60 13
 96 74 14
 97 56 15
218 63 22
  6 66  9
 26 57 11
 42 73 11
204 61 21
218 63 22
 26 57 11
134 74 16
231 66 23
 16 63 10
 11 58 10
233 68 23
115 74 15
225 70 22
 11 58 10
232 67 23
137 58 17
  6 66  9
227 62 23
229 64 23
118 58 16
 16 63 10
 25 72 10
227 62 23
  5 65  9
219 64 22
 25 72 10
229 64 23
227 62 23
196 67 20
229 64 23
227 62 23
225 70 22
207 64 21
 11 58 10
229 64 23
 32 63 11
135 56 17
 11 58 10
135 56 17
 43 57 12
  8 68  9
 11 58 10
154 57 18
  9 69  9
214 71 21
170 57 19
210 67 21
 11 58 10
  5 65  9
  0 60  9
170 57 19
210 67 21
  5 65  9
 10 70  9
214 71 21
  6 66  9
179 66 19
 10 70  9
196 67 20
  1 61  9
228 63 23
234 69 23
196 67 20
 99 58 15
  2 62  9
  0 60  9
 10 70  9
215 60 22
196 67 20
228 63 23
159 62 18
 46 61 12
213 70 21
 10 70  9
156 59 18
228 63 23
159 62 18
223 68 22
227 62 23
234 69 23
 96 74 14
 42 73 11
226 61 23
138 59 17
  9 69  9
226 61 23
  8 68  9
 26 57 11
  1 61  9
231 66 23
226 61 23
  6 66  9
 26 57 11
 25 72 10
231 66 23
200 71 20
 26 57 11
 25 72 10
215 60 22
225 70 22
199 70 20
234 69 23
231 66 23
229 64 23
 77 74 13
234 69 23
230 65 23
223 68 22
 35 66 11
234 69 23
230 65 23
 53 68 12
223 68 22
 42 73 11
231 66 23
173 60 19
 29 60 11
223 68 22
 10 70  9
221 66 22
 79 57 14
231 66 23
223 68 22
  5 65  9
157 60 18
230 65 23
 77 74 13
232 67 23
 10 70  9
230 65 23
  6 66  9
215 60 22
190 61 20
230 65 23
215 60 22
232 67 23
190 61 20
 77 74 13
215 60 22
231 66 23
 26 57 11
215 60 22
231 66 23
 26 57 11
184 71 19
 26 57 11
231 66 23
215 60 22
 97 56 15
187 58 20
 10 70  9
 11 58 10
 42 73 11
225 70 22
168 72 18
 42 73 11
116 56 16
169 73 18
  6 66  9
 96 74 14
116 56 16
202 59 21
 96 74 14
232 67 23
197 68 20
186 73 19
 77 74 13
  7 67  9
 93 71 14
186 73 19
 77 74 13
  7 67  9
231 66 23
214 71 21
186 73 19
 77 74 13
231 66 23
 77 74 13
  0 60  9
 10 70  9
202 59 21
234 69 23
231 66 23
116 56 16
  0 60  9
  0 60  9
116 56 16
231 66 23
226 61 23
  0 60  9
135 56 17
231 66 23
 65 62 13
135 56 17
  0 60  9
 97 56 15
  3 63  9
186 73 19
154 57 18
227 62 23
  1 61  9
138 59 17
 42 73 11
154 57 18
 89 67 14
  0 60  9
  3 63  9
155 58 18
228 63 23
  2 62  9
 77 74 13
111 70 15
 51 66 12
 11 58 10
228 63 23
  3 63  9
180 67 19
228 63 23
 11 58 10
180 67 19
 10 70  9
208 65 21
 99 58 15
  0 60  9
217 62 22
225 70 22
 97 56 15
170 57 19
232 67 23
170 57 19
195 66 20
 24 71 10
197 68 20
170 57 19
229 64 23
225 70 22
197 68 20
 25 72 10
170 57 19
203 60 21
 43 57 12
225 70 22
 10 70  9
  2 62  9
 57 72 12
184 71 19
 10 70  9
210 67 21
 57 72 12
 42 73 11
170 57 19
184 71 19
106 65 15
214 71 21
 42 73 11
185 72 19
 10 70  9
214 71 21
188 59 20
157 60 18
  5 65  9
214 71 21
169 73 18
173 60 19
  6 66  9
169 73 18
173 60 19
128 68 16
  7 67  9
225 70 22
223 68 22
 54 69 12
 25 72 10
225 70 22
142 63 17
 73 70 13
  4 64  9
  4 64  9
225 70 22
173 60 19
200 71 20
214 71 21
  5 65  9
228 63 23
173 60 19
214 71 21
232 67 23
126 66 16
 26 57 11
192 63 20
108 67 15
232 67 23
220 65 22
192 63 20
 10 70  9
186 73 19
111 70 15
 11 58 10
186 73 19
142 63 17
222 67 22
202 59 21
186 73 19
233 68 23
  0 60  9
202 59 21
220 65 22
214 71 21
 84 62 14
  0 60  9
232 67 23
 59 56 13
 85 63 14
 43 57 12
134 74 16
 86 64 14
225 70 22
 26 57 11
202 59 21
225 70 22
115 74 15
 26 57 11
225 70 22
125 65 16
215 60 22
225 70 22
227 62 23
125 65 16
204 61 21
227 62 23
197 68 20
 55 70 12
 97 56 15
227 62 23
 42 73 11
 26 57 11
215 60 22
227 62 23
 42 73 11
 50 65 12
186 73 19
227 62 23
232 67 23
229 64 23
 80 58 14
232 67 23
227 62 23
 36 67 11
170 57 19
228 63 23
232 67 23
226 61 23
 37 68 11
 11 58 10
 25 72 10
228 63 23
232 67 23
 11 58 10
232 67 23
 25 72 10
110 69 15
232 67 23
 11 58 10
186 73 19
152 73 17
232 67 23
 96 74 14
 25 72 10
122 62 16
232 67 23
153 74 17
135 56 17
  5 65  9
232 67 23
229 64 23
  5 65  9
153 74 17
214 71 21
222 67 22
 78 56 14
186 73 19
187 58 20
214 71 21
 97 56 15
230 65 23
187 58 20
115 74 15
  1 61  9
  6 66  9
 78 56 14
115 74 15
228 63 23
 99 58 15
187 58 20
 11 58 10
231 66 23
 98 57 15
226 61 23
229 64 23
213 70 21
 24 71 10
228 63 23
 25 72 10
106 65 15
214 71 21
226 61 23
 25 72 10
203 60 21
106 65 15
226 61 23
202 59 21
231 66 23
 88 66 14
226 61 23
 42 73 11
  0 60  9
184 71 19
227 62 23
 70 67 13
 58 73 12
223 68 22
 10 70  9
184 71 19
228 63 23
 53 68 12
183 70 19
  0 60  9
 58 73 12
223 68 22
226 61 23
 42 73 11
 11 58 10
 38 69 11
116 56 16
184 71 19
 11 58 10
229 64 23
184 71 19
233 68 23
225 70 22
 73 70 13
232 67 23
184 71 19
  3 63  9
 42 73 11
 11 58 10
184 71 19
  3 63  9
 42 73 11
225 70 22
  3 63  9
 42 73 11
181 68 19
215 60 22
116 56 16
232 67 23
229 64 23
 76 73 13
116 56 16
 11 58 10
 25 72 10
228 63 23
214 71 21
215 60 22
221 66 22
 77 74 13
228 63 23
198 69 20
  3 63  9
133 73 16
 45 59 12
 58 73 12
117 57 16
234 69 23
 58 73 12
  0 60  9
215 60 22
234 69 23
 77 74 13
215 60 22
134 74 16
215 60 22
234 69 23
 77 74 13
  3 63  9
202 59 21
 10 70  9
120 60 16
  3 63  9
202 59 21
226 61 23
 26 57 11
  3 63  9
203 60 21
 95 73 14
213 70 21
  3 63  9
 81 59 14
 78 56 14
231 66 23
 84 62 14
  0 60  9
215 60 22
187 58 20
 99 58 15
 42 73 11
229 64 23
  1 61  9
232 67 23
 59 56 13
  5 65  9
  1 61  9
215 60 22
 77 74 13
 26 57 11
230 65 23
232 67 23
214 71 21
 77 74 13
230 65 23
  8 68  9
214 71 21
230 65 23
 11 58 10
  9 69  9
 11 58 10
214 71 21
 97 56 15
183 70 19
214 71 21
  8 68  9
 25 72 10
105 64 15
229 64 23
  0 60  9
  7 67  9
214 71 21
 11 58 10
201 72 20
 97 56 15
  8 68  9
 11 58 10
  9 69  9
230 65 23
224 69 22
 11 58 10
 10 70  9
197 68 20
  2 62  9
135 56 17
232 67 23
197 68 20
  9 69  9
  0 60  9
 10 70  9
198 69 20
  3 63  9
170 57 19
  0 60  9
226 61 23
 25 72 10
 10 70  9
226 61 23
225 70 22
  0 60  9
229 64 23
 10 70  9
226 61 23
231 66 23
 11 58 10
228 63 23
214 71 21
231 66 23
225 70 22
227 62 23
229 64 23
133 73 16
 59 56 13
133 73 16
  0 60  9
225 70 22
 78 56 14
135 56 17
 11 58 10
231 66 23
135 56 17
233 68 23
 97 56 15
 42 73 11
135 56 17
 42 73 11
 26 57 11
232 67 23
135 56 17
 26 57 11
232 67 23
  0 60  9
135 56 17
  8 68  9
 26 57 11
234 69 23
 10 70  9
149 70 17
 42 73 11
118 58 16
 10 70  9
 43 57 12
233 68 23
149 70 17
233 68 23
 10 70  9
230 65 23
  6 66  9
234 69 23
 11 58 10
217 62 22
 84 62 14
216 61 22
184 71 19
 98 57 15
 10 70  9
234 69 23
201 72 20
 11 58 10
110 69 15
201 72 20
221 66 22
 43 57 12
 85 63 14
214 71 21
224 69 22
228 63 23
 74 71 13
214 71 21
229 64 23
 26 57 11
102 61 15
 26 57 11
229 64 23
135 56 17
224 69 22
135 56 17
219 64 22
 25 72 10
232 67 23
135 56 17
232 67 23
 10 70  9
165 69 18
 10 70  9
234 69 23
173 60 19
 42 73 11
 10 70  9
 59 56 13
133 73 16
186 73 19
232 67 23
 10 70  9
174 61 19
 12 59 10
186 73 19
157 60 18
195 66 20
 43 57 12
 26 57 11
202 59 21
158 61 18
186 73 19
 11 58 10
230 65 23
139 60 17
123 63 16
 11 58 10
226 61 23
229 64 23
204 61 21
 11 58 10
226 61 23
229 64 23
 42 73 11
 11 58 10
 42 73 11
  9 69  9
229 64 23
 10 70  9
225 70 22
 11 58 10
226 61 23
 10 70  9
225 70 22
226 61 23
161 64 18
 59 56 13
 10 70  9
 11 58 10
225 70 22
161 64 18
 10 70  9
225 70 22
 89 67 14
 11 58 10
  0 60  9
 10 70  9
226 61 23
 11 58 10
 59 56 13
161 64 18
157 60 18
 59 56 13
 11 58 10
134 74 16
 58 73 12
 59 56 13
 10 70  9
225 70 22
 11 58 10
 59 56 13
135 56 17
230 65 23
186 73 19
 59 56 13
230 65 23
  0 60  9
135 56 17
 59 56 13
  0 60  9
215 60 22
230 65 23
215 60 22
232 67 23
225 70 22
169 73 18
226 61 23
 97 56 15
232 67 23
163 67 18
226 61 23
234 69 23
 26 57 11
203 60 21
228 63 23
160 63 18
 25 72 10
  6 66  9
228 63 23
231 66 23
  0 60  9
  7 67  9
228 63 23
  0 60  9
  9 69  9
232 67 23
215 60 22
 10 70  9
232 67 23
  0 60  9
231 66 23
169 73 18
 10 70  9
228 63 23
 10 70  9
231 66 23
227 62 23
215 60 22
154 57 18
153 74 17
 42 73 11
232 67 23
232 67 23
154 57 18
  0 60  9
225 70 22
232 67 23
154 57 18
  0 60  9
215 60 22
 10 70  9
231 66 23
  4 64  9
215 60 22
226 61 23
139 60 17
 58 73 12
116 56 16
226 61 23
230 65 23
225 70 22
 59 56 13
226 61 23
213 70 21
 59 56 13
139 60 17
  0 60  9
230 65 23
215 60 22
 10 70  9
215 60 22
 10 70  9
  0 60  9
 58 73 12
226 61 23
 10 70  9
  0 60  9
 11 58 10
214 71 21
234 69 23
217 62 22
202 59 21
  0 60  9
214 71 21
 11 58 10
 10 70  9
  0 60  9
230 65 23
214 71 21
 11 58 10
  0 60  9
199 70 20
 25 72 10
230 65 23
 10 70  9
230 65 23
  0 60  9
225 70 22
226 61 23
 10 70  9
230 65 23
167 71 18
 10 70  9
230 65 23
100 59 15
199 70 20
186 73 19
225 70 22
 26 57 11
203 60 21
227 62 23
134 74 16
 10 70  9
184 71 19
226 61 23
186 73 19
220 65 22
131 71 16
169 73 18
 42 73 11
227 62 23
188 59 20
 42 73 11
 11 58 10
186 73 19
131 71 16
169 73 18
 42 73 11
225 70 22
228 63 23
176 63 19
 42 73 11
226 61 23
 66 63 13
234 69 23
 78 56 14
 48 63 12
 94 72 14
 78 56 14
 42 73 11
229 64 23
 77 74 13
 78 56 14
230 65 23
 43 57 12
 48 63 12
 25 72 10
 78 56 14
228 63 23
216 61 22
 25 72 10
234 69 23
 98 57 15
114 73 15
 78 56 14
228 63 23
168 72 18
  5 65  9
 78 56 14
  5 65  9
227 62 23
231 66 23
228 63 23
  4 64  9
216 61 22
 33 64 11
  0 60  9
227 62 23
 98 57 15
154 57 18
186 73 19
227 62 23
135 56 17
  6 66  9
186 73 19
170 57 19
220 65 22
 42 73 11
 10 70  9
233 68 23
186 73 19
230 65 23
230 65 23
135 56 17
222 67 22
166 70 18
135 56 17
  0 60  9
215 60 22
 50 65 12
226 61 23
 97 56 15
 10 70  9
 42 73 11
226 61 23
 10 70  9
232 67 23
 51 66 12
226 61 23
  0 60  9
118 58 16
  4 64  9
  0 60  9
234 69 23
201 72 20
 38 69 11
170 57 19
234 69 23
  1 61  9
 25 72 10
226 61 23
185 72 19
 59 56 13
135 56 17
 25 72 10
186 73 19
 97 56 15
220 65 22
154 57 18
219 64 22
226 61 23
 25 72 10
186 73 19
229 64 23
234 69 23
  9 69  9
  0 60  9
154 57 18
227 62 23
215 60 22
207 64 21
156 59 18
234 69 23
154 57 18
233 68 23
225 70 22
207 64 21
227 62 23
233 68 23
225 70 22
 96 74 14
 11 58 10
201 72 20
227 62 23
 26 57 11
 99 58 15
201 72 20
227 62 23
229 64 23
 96 74 14
 26 57 11
227 62 23
201 72 20
102 61 15
227 62 23
 26 57 11
201 72 20
 25 72 10
227 62 23
 59 56 13
  8 68  9
219 64 22
232 67 23
227 62 23
 26 57 11
 77 74 13
  0 60  9
227 62 23
 78 56 14
232 67 23
227 62 23
204 61 21
234 69 23
  0 60  9
201 72 20
224 69 22
 59 56 13
104 63 15
201 72 20
207 64 21
191 62 20
 60 57 13
201 72 20
  0 60  9
234 69 23
 61 58 13
201 72 20
226 61 23
  0 60  9
 26 57 11
 11 58 10
234 69 23
201 72 20
  0 60  9
 11 58 10
 99 58 15
193 64 20
198 69 20
 11 58 10
201 72 20
193 64 20
 58 73 12
 11 58 10
234 69 23
205 62 21
200 71 20
202 59 21
  0 60  9
201 72 20
 26 57 11
204 61 21
188 59 20
 26 57 11
228 63 23
201 72 20
204 61 21
234 69 23
 59 56 13
186 73 19
 59 56 13
205 62 21
  2 62  9
186 73 19
181 68 19
205 62 21
 41 72 11
 42 73 11
204 61 21
186 73 19
 59 56 13
232 67 23
204 61 21
 42 73 11
 11 58 10
  0 60  9
 11 58 10
 68 65 13
204 61 21
  0 60  9
202 59 21
181 68 19
221 66 22
  0 60  9
232 67 23
204 61 21
 27 58 11
  0 60  9
232 67 23
202 59 21
 25 72 10
  0 60  9
201 72 20
234 69 23
232 67 23
201 72 20
190 61 20
232 67 23
 22 69 10
196 67 20
185 72 19
202 59 21
  6 66  9
  1 61  9
153 74 17
 11 58 10
202 59 21
202 59 21
  1 61  9
226 61 23
190 61 20
  0 60  9
153 74 17
 25 72 10
202 59 21
 25 72 10
153 74 17
226 61 23
220 65 22
153 74 17
 25 72 10
208 65 21
218 63 22
208 65 21
  4 64  9
218 63 22
226 61 23
 58 73 12
209 66 21
217 62 22
 11 58 10
225 70 22
 11 58 10
226 61 23
230 65 23
228 63 23
225 70 22
215 60 22
230 65 23
228 63 23
202 59 21
226 61 23
  0 60  9
228 63 23
200 71 20
226 61 23
  0 60  9
226 61 23
200 71 20
187 58 20
  0 60  9
202 59 21
 25 72 10
  4 64  9
 11 58 10
214 71 21
 26 57 11
202 59 21
227 62 23
187 58 20
225 70 22
226 61 23
196 67 20
 77 74 13
232 67 23
186 73 19
 10 70  9
228 63 23
186 73 19
 26 57 11
154 57 18
227 62 23
 26 57 11
225 70 22
186 73 19
 11 58 10
227 62 23
181 68 19
225 70 22
 11 58 10
227 62 23
181 68 19
 57 72 12
 11 58 10
226 61 23
 58 73 12
135 56 17
135 56 17
 11 58 10
170 57 19
  5 65  9
135 56 17
234 69 23
232 67 23
182 69 19
154 57 18
 26 57 11
153 74 17
222 67 22
233 68 23
154 57 18
225 70 22
201 72 20
 26 57 11
214 71 21
220 65 22
116 56 16
225 70 22
232 67 23
135 56 17
100 59 15
227 62 23
224 69 22
231 66 23
177 64 19
227 62 23
168 72 18
225 70 22
 11 58 10
229 64 23
227 62 23
 10 70  9
 77 74 13
227 62 23
 26 57 11
169 73 18
232 67 23
227 62 23
229 64 23
169 73 18
  0 60  9
227 62 23
 77 74 13
  0 60  9
169 73 18
227 62 23
234 69 23
 77 74 13
197 68 20
 42 73 11
227 62 23
234 69 23
197 68 20
226 61 23
214 71 21
 42 73 11
197 68 20
215 60 22
227 62 23
 59 56 13
206 63 21
169 73 18
  0 60  9
226 61 23
219 64 22
  0 60  9
 26 57 11
233 68 23
227 62 23
  0 60  9
232 67 23
219 64 22
 26 57 11
153 74 17
  0 60  9
 25 72 10
 91 69 14
  0 60  9
169 73 18
135 56 17
230 65 23
231 66 23
226 61 23
  0 60  9
205 62 21
226 61 23
186 73 19
  0 60  9
 96 74 14
226 61 23
229 64 23
201 72 20
198 69 20
212 69 21
208 65 21
200 71 20
192 63 20
212 69 21
201 72 20
191 62 20
 26 57 11
100 59 15
200 71 20
 11 58 10
212 69 21
201 72 20
 11 58 10
 96 74 14
210 67 21
201 72 20
 11 58 10
225 70 22
211 68 21
186 73 19
 11 58 10
202 59 21
 25 72 10
231 66 23
215 60 22
 11 58 10
140 61 17
186 73 19
231 66 23
 25 72 10
108 67 15
  3 63  9
208 65 21
104 63 15
 25 72 10
 11 58 10
202 59 21
226 61 23
 93 71 14
 11 58 10
226 61 23
 77 74 13
  1 61  9
 11 58 10
208 65 21
  1 61  9
217 62 22
216 61 22
228 63 23
 95 73 14
  4 64  9
214 71 21
 42 73 11
  2 62  9
 95 73 14
 11 58 10
231 66 23
  3 63  9
195 66 20
226 61 23
  4 64  9
 92 70 14
 10 70  9
203 60 21
227 62 23
231 66 23
169 73 18
226 61 23
 96 74 14
214 71 21
 94 72 14
226 61 23
223 68 22
  6 66  9
169 73 18
 25 72 10
 78 56 14
227 62 23
223 68 22
 25 72 10
  0 60  9
227 62 23
 86 64 14
217 62 22
223 68 22
 25 72 10
 78 56 14
224 69 22
  3 63  9
227 62 23
214 71 21
234 69 23
226 61 23
  4 64  9
214 71 21
202 59 21
226 61 23
225 70 22
 77 74 13
226 61 23
234 69 23
205 62 21
 41 72 11
 42 73 11
205 62 21
214 71 21
234 69 23
 26 57 11
226 61 23
234 69 23
  0 60  9
 25 72 10
 26 57 11
168 72 18
 56 71 12
226 61 23
204 61 21
234 69 23
  0 60  9
226 61 23
234 69 23
204 61 21
  3 63  9
 10 70  9
229 64 23
  0 60  9
234 69 23
 10 70  9
 11 58 10
 77 74 13
215 60 22
 10 70  9
234 69 23
  0 60  9
229 64 23
202 59 21
 10 70  9
234 69 23
230 65 23
202 59 21
220 65 22
  5 65  9
192 63 20
228 63 23
202 59 21
186 73 19
 77 74 13
228 63 23
202 59 21
230 65 23
  2 62  9
202 59 21
186 73 19
  3 63  9
228 63 23
202 59 21
225 70 22
  0 60  9
 10 70  9
  0 60  9
202 59 21
226 61 23
 25 72 10
  0 60  9
 42 73 11
226 61 23
202 59 21
  0 60  9
 42 73 11
202 59 21
190 61 20
  0 60  9
202 59 21
110 69 15
 42 73 11
226 61 23
231 66 23
 43 57 12
128 68 16
 42 73 11
  0 60  9
 26 57 11
231 66 23
  0 60  9
202 59 21
233 68 23
 26 57 11
  0 60  9
220 65 22
190 61 20
 10 70  9
202 59 21
  0 60  9
233 68 23
221 66 22
  0 60  9
202 59 21
 94 72 14
213 70 21
226 61 23
  0 60  9
219 64 22
192 63 20
  0 60  9
234 69 23
 10 70  9
219 64 22
234 69 23
  0 60  9
191 62 20
115 74 15
226 61 23
202 59 21
186 73 19
 10 70  9
  0 60  9
230 65 23
226 61 23
218 63 22
  0 60  9
230 65 23
226 61 23
186 73 19
228 63 23
  0 60  9
202 59 21
230 65 23
225 70 22
  1 61  9
 26 57 11
192 63 20
 11 58 10
225 70 22
  2 62  9
230 65 23
170 57 19
191 62 20
202 59 21
193 64 20
229 64 23
 11 58 10
193 64 20
  5 65  9
153 74 17
229 64 23
170 57 19
204 61 21
 26 57 11
201 72 20
231 66 23
204 61 21
204 61 21
201 72 20
 26 57 11
134 74 16
201 72 20
225 70 22
204 61 21
206 63 21
204 61 21
201 72 20
187 58 20
150 71 17
204 61 21
201 72 20
228 63 23
150 71 17
204 61 21
 11 58 10
206 63 21
150 71 17
202 59 21
206 63 21
216 61 22
100 59 15
234 69 23
204 61 21
 26 57 11
202 59 21
 26 57 11
202 59 21
231 66 23
234 69 23
215 60 22
225 70 22
  0 60  9
 26 57 11
226 61 23
116 56 16
 53 68 12
119 59 16
226 61 23
 11 58 10
 77 74 13
116 56 16
226 61 23
 11 58 10
202 59 21
 58 73 12
214 71 21
 11 58 10
 10 70  9
217 62 22
 11 58 10
234 69 23
170 57 19
218 63 22
 25 72 10
 11 58 10
226 61 23
200 71 20
214 71 21
218 63 22
151 72 17
226 61 23
226 61 23
214 71 21
232 67 23
151 72 17
215 60 22
214 71 21
 11 58 10
170 57 19
226 61 23
233 68 23
 23 70 10
231 66 23
215 60 22
169 73 18
  2 62  9
 23 70 10
234 69 23
215 60 22
186 73 19
181 68 19
234 69 23
 26 57 11
228 63 23
  0 60  9
229 64 23
  0 60  9
201 72 20
 73 70 13
201 72 20
  0 60  9
232 67 23
 25 72 10
230 65 23
232 67 23
203 60 21
  0 60  9
230 65 23
226 61 23
233 68 23
  1 61  9
 96 74 14
216 61 22
  1 61  9
202 59 21
201 72 20
231 66 23
 96 74 14
  5 65  9
230 65 23
190 61 20
 26 57 11
201 72 20
189 60 20
 96 74 14
214 71 21
 26 57 11
170 57 19
 11 58 10
194 65 20
 96 74 14
 11 58 10
203 60 21
  1 61  9
 43 57 12
  0 60  9
203 60 21
134 74 16
232 67 23
  0 60  9
228 63 23
210 67 21
 25 72 10
  0 60  9
105 64 15
202 59 21
170 57 19
  0 60  9
234 69 23
231 66 23
197 68 20
215 60 22
  4 64  9
  0 60  9
231 66 23
215 60 22
201 72 20
 43 57 12
  1 61  9
215 60 22
 25 72 10
201 72 20
234 69 23
201 72 20
 25 72 10
 43 57 12
  2 62  9
215 60 22
201 72 20
225 70 22
 43 57 12
234 69 23
229 64 23
 54 69 12
222 67 22
230 65 23
215 60 22
  2 62  9
169 73 18
  0 60  9
230 65 23
214 71 21
 59 56 13
186 73 19
  1 61  9
 25 72 10
231 66 23
231 66 23
186 73 19
  1 61  9
 25 72 10
231 66 23
  4 64  9
186 73 19
215 60 22
229 64 23
199 70 20
 11 58 10
215 60 22
 11 58 10
191 62 20
229 64 23
 58 73 12
201 72 20
 58 73 12
 11 58 10
 59 56 13
201 72 20
226 61 23
 59 56 13
198 69 20
226 61 23
201 72 20
198 69 20
 42 73 11
226 61 23
210 67 21
205 62 21
 42 73 11
201 72 20
 42 73 11
227 62 23
210 67 21
201 72 20
231 66 23
  0 60  9
  5 65  9
226 61 23
229 64 23
202 59 21
 43 57 12
226 61 23
229 64 23
205 62 21
233 68 23
229 64 23
226 61 23
233 68 23
183 70 19
226 61 23
 59 56 13
169 73 18
229 64 23
227 62 23
169 73 18
 59 56 13
205 62 21
227 62 23
169 73 18
202 59 21
  9 69  9
169 73 18
228 63 23
184 71 19
  9 69  9
228 63 23
206 63 21
  3 63  9
 10 70  9
228 63 23
 10 70  9
201 72 20
168 72 18
215 60 22
229 64 23
201 72 20
232 67 23
201 72 20
229 64 23
215 60 22
168 72 18
230 65 23
 10 70  9
  6 66  9
218 63 22
233 68 23
231 66 23
167 71 18
186 73 19
233 68 23
 10 70  9
151 72 17
 82 60 14
234 69 23
214 71 21
153 74 17
186 73 19
186 73 19
152 73 17
  6 66  9
 73 70 13
202 59 21
152 73 17
218 63 22
 74 71 13
 25 72 10
153 74 17
 43 57 12
224 69 22
153 74 17
 43 57 12
225 70 22
230 65 23
 10 70  9
  0 60  9
201 72 20
218 63 22
186 73 19
  0 60  9
 25 72 10
225 70 22
  0 60  9
169 73 18
154 57 18
  6 66  9
 11 58 10
229 64 23
186 73 19
 25 72 10
229 64 23
 11 58 10
234 69 23
186 73 19
229 64 23
 11 58 10
  7 67  9
 59 56 13
234 69 23
 77 74 13
 11 58 10
229 64 23
 25 72 10
  7 67  9
234 69 23
226 61 23
 10 70  9
232 67 23
226 61 23
218 63 22
 10 70  9
231 66 23
  0 60  9
234 69 23
 10 70  9
231 66 23
234 69 23
 77 74 13
231 66 23
 25 72 10
  0 60  9
215 60 22
232 67 23
204 61 21
181 68 19
 10 70  9
 10 70  9
232 67 23
 58 73 12
204 61 21
 11 58 10
232 67 23
204 61 21
 10 70  9
 11 58 10
 77 74 13
226 61 23
232 67 23
226 61 23
 77 74 13
  0 60  9
221 66 22
226 61 23
  0 60  9
119 59 16
201 72 20
200 71 20
 11 58 10
176 63 19
  0 60  9
 11 58 10
201 72 20
215 60 22
191 62 20
 11 58 10
234 69 23
230 65 23
205 62 21
225 70 22
174 61 19
 11 58 10
181 68 19
226 61 23
218 63 22
225 70 22
 11 58 10
206 63 21
225 70 22
  9 69  9
220 65 22
 26 57 11
206 63 21
230 65 23
153 74 17
153 74 17
 26 57 11
192 63 20
213 70 21
206 63 21
182 69 19
153 74 17
225 70 22
206 63 21
202 59 21
 26 57 11
214 71 21
201 72 20
215 60 22
 25 72 10
231 66 23
215 60 22
186 73 19
176 63 19
214 71 21
192 63 20
219 64 22
214 71 21
 11 58 10
 25 72 10
226 61 23
193 64 20
219 64 22
226 61 23
231 66 23
 26 57 11
185 72 19
226 61 23
232 67 23
234 69 23
  0 60  9
186 73 19
232 67 23
184 71 19
211 68 21
226 61 23
186 73 19
213 70 21
233 68 23
 42 73 11
225 70 22
  0 60  9
229 64 23
 42 73 11
215 60 22
195 66 20
110 69 15
201 72 20
224 69 22
 96 74 14
228 63 23
228 63 23
201 72 20
 11 58 10
169 73 18
186 73 19
228 63 23
202 59 21
181 68 19
215 60 22
186 73 19
166 70 18
 78 56 14
215 60 22
181 68 19
144 65 17
166 70 18
204 61 21
 11 58 10
226 61 23
129 69 16
182 69 19
200 71 20
202 59 21
221 66 22
200 71 20
  5 65  9
226 61 23
156 59 18
233 68 23
202 59 21
130 70 16
201 72 20
202 59 21
201 72 20
  0 60  9
 58 73 12
201 72 20
  6 66  9
  0 60  9
131 71 16
201 72 20
225 70 22
132 72 16
231 66 23
202 59 21
214 71 21
228 63 23
111 70 15
202 59 21
226 61 23
115 74 15
185 72 19
230 65 23
233 68 23
228 63 23
112 71 15
202 59 21
225 70 22
230 65 23
186 73 19
225 70 22
 11 58 10
189 60 20
228 63 23
225 70 22
  0 60  9
231 66 23
122 62 16
122 62 16
189 60 20
  0 60  9
231 66 23
215 60 22
122 62 16
189 60 20
128 68 16
224 69 22
215 60 22
  7 67  9
 26 57 11
 11 58 10
233 68 23
134 74 16
160 63 18
 11 58 10
186 73 19
 42 73 11
  8 68  9
232 67 23
215 60 22
225 70 22
 96 74 14
232 67 23
184 71 19
192 63 20
 11 58 10
232 67 23
215 60 22
 11 58 10
189 60 20
186 73 19
  0 60  9
183 70 19
 98 57 15
  0 60  9
186 73 19
189 60 20
183 70 19
 10 70  9
186 73 19
215 60 22
 26 57 11
 10 70  9
186 73 19
181 68 19
189 60 20
186 73 19
 10 70  9
 43 57 12
189 60 20
186 73 19
 43 57 12
189 60 20
 25 72 10
186 73 19
 43 57 12
154 57 18
189 60 20
 11 58 10
186 73 19
203 60 21
 25 72 10
 11 58 10
186 73 19
 78 56 14
162 66 18
 11 58 10
168 72 18
123 63 16
 77 74 13
186 73 19
230 65 23
 58 73 12
 78 56 14
